C  NUMMU= 16  NUMAZI=  1  AZIORDER=  0  NSTOKES=2
C  LAYER_FILE=/tmp/Profilex001y001f089.00        DELTA-M=N
C  SRC_CODE=2   QUAD_TYPE=LOBATTO         
C  LON=   3.622 LAT=  54.319 LFRAC=   0.000
C  GROUND_TEMP=  288.15   GROUND_TYPE=LAMBERTIAN       W10=   0.000
C  GROUND_ALBEDO= 1.00000   SKY_TEMP=    2.70
C  WAVELENGTH=0.336846E+04
C  UNITS=KELVINS - EBB               OUTPUT_POLARIZATION=VH
C  IWV= 0.000000E+00
C  CWP= 0.000000E+00
C  IWP= 0.000000E+00
C  RWP= 0.000000E+00
C  SWP= 0.000000E+00
C  GWP= 0.000000E+00
C    Z      PHI     MU    FLUX/RADIANCE (V,H,U,V)
 50000.0   0.0 -2.00000   97.60  112.84
 50000.0   0.0  2.00000    2.70    2.70
 50000.0   0.0 -1.00000  185.11   79.13
 50000.0   0.0 -0.99261   69.41   69.66
 50000.0   0.0 -0.97529   70.15   70.90
 50000.0   0.0 -0.94828   71.34   72.91
 50000.0   0.0 -0.91185   73.02   75.78
 50000.0   0.0 -0.86635   75.27   79.65
 50000.0   0.0 -0.81224   78.18   84.73
 50000.0   0.0 -0.75006   81.92   91.30
 50000.0   0.0 -0.68043   86.74   99.79
 50000.0   0.0 -0.60403   93.07  110.80
 50000.0   0.0 -0.52163  101.71  125.26
 50000.0   0.0 -0.43405  114.28  144.63
 50000.0   0.0 -0.34215  134.37  171.38
 50000.0   0.0 -0.24685  157.47  207.51
 50000.0   0.0 -0.14910  207.73  246.89
 50000.0   0.0 -0.04986  257.02  259.16
 50000.0   0.0  0.04986    2.70    2.70
 50000.0   0.0  0.14910    2.70    2.70
 50000.0   0.0  0.24685    2.70    2.70
 50000.0   0.0  0.34215    2.70    2.70
 50000.0   0.0  0.43405    2.70    2.70
 50000.0   0.0  0.52163    2.70    2.70
 50000.0   0.0  0.60403    2.70    2.70
 50000.0   0.0  0.68043    2.70    2.70
 50000.0   0.0  0.75006    2.70    2.70
 50000.0   0.0  0.81224    2.70    2.70
 50000.0   0.0  0.86635    2.70    2.70
 50000.0   0.0  0.91185    2.70    2.70
 50000.0   0.0  0.94828    2.70    2.70
 50000.0   0.0  0.97529    2.70    2.70
 50000.0   0.0  0.99261    2.70    2.70
 50000.0   0.0  1.00000    2.70    2.70
     0.0   0.0 -2.00000   23.57   52.48
     0.0   0.0  2.00000   85.21   85.21
     0.0   0.0 -1.00000  165.21   35.35
     0.0   0.0 -0.99261   23.05   23.36
     0.0   0.0 -0.97529   23.05   23.98
     0.0   0.0 -0.94828   23.04   24.99
     0.0   0.0 -0.91185   23.00   26.45
     0.0   0.0 -0.86635   22.90   28.46
     0.0   0.0 -0.81224   22.72   31.14
     0.0   0.0 -0.75006   22.39   34.72
     0.0   0.0 -0.68043   21.88   39.50
     0.0   0.0 -0.60403   21.13   45.98
     0.0   0.0 -0.52163   20.24   55.04
     0.0   0.0 -0.43405   19.85   68.34
     0.0   0.0 -0.34215   22.78   89.82
     0.0   0.0 -0.24685   12.28  126.28
     0.0   0.0 -0.14910   29.67  182.57
     0.0   0.0 -0.04986  141.39  267.09
     0.0   0.0  0.04986  278.92  278.92
     0.0   0.0  0.14910  208.06  208.06
     0.0   0.0  0.24685  156.73  156.73
     0.0   0.0  0.34215  125.43  125.43
     0.0   0.0  0.43405  105.08  105.08
     0.0   0.0  0.52163   91.04   91.04
     0.0   0.0  0.60403   80.92   80.92
     0.0   0.0  0.68043   73.41   73.41
     0.0   0.0  0.75006   67.71   67.71
     0.0   0.0  0.81224   63.35   63.35
     0.0   0.0  0.86635   60.01   60.01
     0.0   0.0  0.91185   57.47   57.47
     0.0   0.0  0.94828   55.59   55.59
     0.0   0.0  0.97529   54.28   54.28
     0.0   0.0  0.99261   53.48   53.48
     0.0   0.0  1.00000   53.14   53.14
