C  NUMMU= 16  NUMAZI=  1  AZIORDER=  0  NSTOKES=2
C  LAYER_FILE=/tmp/Profilex001y001f089.00        DELTA-M=N
C  SRC_CODE=2   QUAD_TYPE=LOBATTO         
C  LON=   3.622 LAT=  54.319 LFRAC=   0.000
C  GROUND_TEMP=  288.15   GROUND_TYPE=OCEAN            W10=   0.000
C  GROUND_INDEX=   3.3284  -1.9527   SKY_TEMP=    2.70
C  WAVELENGTH=0.336846E+04
C  UNITS=KELVINS - EBB               OUTPUT_POLARIZATION=VH
C  IWV= 0.000000E+00
C  CWP= 0.000000E+00
C  IWP= 0.000000E+00
C  RWP= 0.000000E+00
C  SWP= 0.000000E+00
C  GWP= 0.000000E+00
C    Z      PHI     MU    FLUX/RADIANCE (V,H,U,V)
 50000.0   0.0 -2.00000  238.95  207.76
 50000.0   0.0  2.00000    2.70    2.70
 50000.0   0.0 -1.00000  206.62  206.39
 50000.0   0.0 -0.99261  207.34  206.17
 50000.0   0.0 -0.97529  209.04  205.66
 50000.0   0.0 -0.94828  211.73  204.90
 50000.0   0.0 -0.91185  215.42  203.94
 50000.0   0.0 -0.86635  220.12  202.86
 50000.0   0.0 -0.81224  225.84  201.81
 50000.0   0.0 -0.75006  232.52  200.98
 50000.0   0.0 -0.68043  240.01  200.69
 50000.0   0.0 -0.60403  248.01  201.39
 50000.0   0.0 -0.52163  255.90  203.71
 50000.0   0.0 -0.43405  262.50  208.55
 50000.0   0.0 -0.34215  265.84  217.01
 50000.0   0.0 -0.24685  274.79  232.26
 50000.0   0.0 -0.14910  271.20  255.96
 50000.0   0.0 -0.04986  259.44  259.37
 50000.0   0.0  0.04986    2.70    2.70
 50000.0   0.0  0.14910    2.70    2.70
 50000.0   0.0  0.24685    2.70    2.70
 50000.0   0.0  0.34215    2.70    2.70
 50000.0   0.0  0.43405    2.70    2.70
 50000.0   0.0  0.52163    2.70    2.70
 50000.0   0.0  0.60403    2.70    2.70
 50000.0   0.0  0.68043    2.70    2.70
 50000.0   0.0  0.75006    2.70    2.70
 50000.0   0.0  0.81224    2.70    2.70
 50000.0   0.0  0.86635    2.70    2.70
 50000.0   0.0  0.91185    2.70    2.70
 50000.0   0.0  0.94828    2.70    2.70
 50000.0   0.0  0.97529    2.70    2.70
 50000.0   0.0  0.99261    2.70    2.70
 50000.0   0.0  1.00000    2.70    2.70
     0.0   0.0 -2.00000  229.18  181.30
     0.0   0.0  2.00000   85.21   85.21
     0.0   0.0 -1.00000  191.56  191.28
     0.0   0.0 -0.99261  192.32  190.89
     0.0   0.0 -0.97529  194.12  189.97
     0.0   0.0 -0.94828  196.99  188.53
     0.0   0.0 -0.91185  200.95  186.60
     0.0   0.0 -0.86635  206.06  184.23
     0.0   0.0 -0.81224  212.35  181.49
     0.0   0.0 -0.75006  219.85  178.52
     0.0   0.0 -0.68043  228.49  175.50
     0.0   0.0 -0.60403  238.02  172.77
     0.0   0.0 -0.52163  247.85  170.82
     0.0   0.0 -0.43405  256.52  170.39
     0.0   0.0 -0.34215  260.82  172.42
     0.0   0.0 -0.24685  279.42  182.62
     0.0   0.0 -0.14910  277.42  217.97
     0.0   0.0 -0.04986  283.51  279.31
     0.0   0.0  0.04986  278.92  278.92
     0.0   0.0  0.14910  208.06  208.06
     0.0   0.0  0.24685  156.73  156.73
     0.0   0.0  0.34215  125.43  125.43
     0.0   0.0  0.43405  105.08  105.08
     0.0   0.0  0.52163   91.04   91.04
     0.0   0.0  0.60403   80.92   80.92
     0.0   0.0  0.68043   73.41   73.41
     0.0   0.0  0.75006   67.71   67.71
     0.0   0.0  0.81224   63.35   63.35
     0.0   0.0  0.86635   60.01   60.01
     0.0   0.0  0.91185   57.47   57.47
     0.0   0.0  0.94828   55.59   55.59
     0.0   0.0  0.97529   54.28   54.28
     0.0   0.0  0.99261   53.48   53.48
     0.0   0.0  1.00000   53.14   53.14
