2010 05 10 1500 1 1 50 2.8 2.8
1 1
54.319 3.622 0.0 -1.5 -4.5
0.0 0.0 0.0 0.0 0.0 0.0
0.0 101325.0 288.15 70.0
1000.0 89876.2618929 281.651001862 70.0 0.0 0.0 0.0 0.0 0.0
2000.0 79501.4088035 275.154081908 70.0 0.0 0.0 0.0 0.0 0.0
3000.0 70121.1307973 268.659188613 70.0 0.0 0.0 0.0 0.0 0.0
4000.0 61660.4059428 262.166321978 39.59999979 0.0 0.0 0.0 0.0 0.0
5000.0 54048.234576 255.675499177 31.99999928 0.0 0.0 0.0 0.0 0.0
6000.0 47217.5758861 249.18672021 30.70000112 0.0 0.0 0.0 0.0 0.0
7000.0 41105.1818311 242.699950728 30.00000119 0.0 0.0 0.0 0.0 0.0
8000.0 35651.518625 236.21522508 30.79999983 0.0 0.0 0.0 0.0 0.0
9000.0 30800.5795151 229.732543266 30.19999862 0.0 0.0 0.0 0.0 0.0
10000.0 26499.7790918 223.251905286 31.70000017 0.0 0.0 0.0 0.0 0.0
11000.0 22699.8249505 216.773276791 20.2000007 0.0 0.0 0.0 0.0 0.0
12000.0 19399.315941 216.649994078 11.99999973 0.0 0.0 0.0 0.0 0.0
13000.0 16579.4920508 216.649994078 7.32000023 0.0 0.0 0.0 0.0 0.0
14000.0 14170.2474531 216.649994078 4.06999998 0.0 0.0 0.0 0.0 0.0
15000.0 12111.6942996 216.649994078 3.08999997 0.0 0.0 0.0 0.0 0.0
16000.0 10352.7064607 216.649994078 2.60000005 0.0 0.0 0.0 0.0 0.0
17000.0 8849.60972127 216.649994078 2.28000004 0.0 0.0 0.0 0.0 0.0
18000.0 7565.11657499 216.649994078 2.03000009 0.0 0.0 0.0 0.0 0.0
19000.0 6467.38331616 216.649994078 1.75999999 0.0 0.0 0.0 0.0 0.0
20000.0 5529.20603938 216.649994078 1.42999999 0.0 0.0 0.0 0.0 0.0
21000.0 4728.84766543 217.580986378 1.43999998 0.0 0.0 0.0 0.0 0.0
22000.0 4047.40851978 218.574272686 1.27999997 0.0 0.0 0.0 0.0 0.0
23000.0 3466.78424673 219.567232668 1.08000003 0.0 0.0 0.0 0.0 0.0
24000.0 2971.6701488 220.559900674 1.07000005 0.0 0.0 0.0 0.0 0.0
25000.0 2549.14861741 221.552242354 1.05999997 0.0 0.0 0.0 0.0 0.0
26000.0 2188.30996924 222.544292057 1.05999997 0.0 0.0 0.0 0.0 0.0
27000.0 1879.91555873 223.536015433 1.0 0.0 0.0 0.0 0.0 0.0
28000.0 1616.13978068 224.527446833 1.0 0.0 0.0 0.0 0.0 0.0
29000.0 1390.36793774 225.518551907 1.0 0.0 0.0 0.0 0.0 0.0
30000.0 1196.98514307 226.509347829 1.0 0.0 0.0 0.0 0.0 0.0
31000.0 1031.2171245 227.4998346 0.5999997 0.0 0.0 0.0 0.0 0.0
32000.0 889.024156798 228.490029395 0.5999997 0.0 0.0 0.0 0.0 0.0
33000.0 767.273185775 230.973700306 0.05999997 0.0 0.0 0.0 0.0 0.0
34000.0 663.379661122 233.744487002 0.05999997 0.0 0.0 0.0 0.0 0.0
35000.0 574.564213387 236.51439777 0.05999997 0.0 0.0 0.0 0.0 0.0
36000.0 498.495335388 239.283432609 0.05999997 0.0 0.0 0.0 0.0 0.0
37000.0 433.223325829 242.051625869 0.05999997 0.0 0.0 0.0 0.0 0.0
38000.0 377.115978696 244.818926024 0.01 0.0 0.0 0.0 0.0 0.0
39000.0 328.80087829 247.585401776 0.01 0.0 0.0 0.0 0.0 0.0
40000.0 287.125104829 250.350984424 0.01 0.0 0.0 0.0 0.0 0.0
41000.0 251.115860132 253.115708318 0.01 0.0 0.0 0.0 0.0 0.0
42000.0 219.951591542 255.879590634 0.01 0.0 0.0 0.0 0.0 0.0
43000.0 192.937374124 258.642579845 0.01 0.0 0.0 0.0 0.0 0.0
44000.0 169.48351312 261.404727477 0.01 0.0 0.0 0.0 0.0 0.0
45000.0 149.089820171 264.16599918 0.01 0.0 0.0 0.0 0.0 0.0
46000.0 131.330090063 266.926394954 0.01 0.0 0.0 0.0 0.0 0.0
47000.0 115.841413752 269.6859835 0.01 0.0 0.0 0.0 0.0 0.0
48000.0 102.286785733 270.650003475 0.01 0.0 0.0 0.0 0.0 0.0
49000.0 90.3286402012 270.650003475 0.01 0.0 0.0 0.0 0.0 0.0
50000.0 79.7716036104 270.650003475 0.01 0.0 0.0 0.0 0.0 0.0
